0 -0.9622797623191697 
4 -1.953989624263071 
3 -0.1214200645463861 
2 0.11544439071391843 
1 -0.48924038495066813 
5 -0.9622797623191697 
9 -1.953989624263071 
8 -0.10481612859217393 
6 -0.48924038495066813 
7 -0.013000444512549225 
10 -0.5004469042452848 
14 -3.7549634172185677 
13 -0.7063440838353672 
11 -0.6027831662197727 
12 0.568641001242762 
15 -0.9622797623191697 
18 -1.296134362683774 
19 -0.44584715842488387 
16 -0.6251766979428119 
17 -0.045874148488307176 
20 -0.9622797623191697 
24 -3.7549634172185677 
23 -0.6172167328286496 
21 0.3155126168464887 
22 0.07331887641958312 
25 -1.0029101330702472 
28 -1.2919443203602297 
29 -3.7549634172185677 
26 -0.3278568635986334 
27 -0.045874148488307176 
2 -0.9634224864421111 
0 -3.759644426093419 
3 -1.4135272199475277 
1 -0.512014963173264 
4 -1.826661534664916 
7 -0.9634224864421111 
5 -3.7422291700994696 
8 -1.4135272199475277 
6 -0.8024171467247375 
9 -1.8868571976192734 
12 -0.9634224864421111 
10 -1.698013935449204 
13 -1.4135272199475277 
11 -0.8024171467247375 
14 -1.8868571976192734 
17 -0.9634224864421111 
15 -3.759644426093419 
16 0.7903893993505025 
18 -1.5579980560303743 
19 -1.8649113578359735 
22 -0.9634224864421111 
20 -3.759644426093419 
21 -1.2960824492245222 
23 -1.3121380748557196 
24 -0.7985092077369176 
25 -3.759644426093419 
26 -1.2960824492245222 
27 -0.9148377277616637 
28 -1.5579980560303743 
29 -1.3716053479577066 
0 -3.759644426093419 
1 -0.4288597709081201 
0 -0.97492047260855 
2 -0.41834575521558504 
4 -0.3047829765062746 
3 0.3964521535970541 
6 -0.4288597709081201 
5 -0.9242761985095229 
9 -1.0014726975053465 
8 -1.4711094897110872 
7 -0.4513583416683071 
11 -0.7779054383012871 
10 -0.6179404491786161 
12 0.10521797323470594 
13 -1.4711094897110872 
14 -0.7884298386092767 
16 -0.7779054383012871 
15 -0.97492047260855 
19 -1.0014726975053465 
17 -0.4513583416683071 
18 -0.04762218618730185 
24 -1.0014726975053465 
21 -0.7779054383012871 
23 -1.4711094897110872 
20 -0.97492047260855 
22 0.6219488381464088 
25 -0.97492047260855 
27 0.061142430553781546 
26 -0.7779054383012871 
29 -4.2742855870300565 
28 -1.515358225575702 
30 -0.9180213267468429 
31 -0.7779054383012871 
32 -0.4513583416683071 
33 -1.515358225575702 
34 -2.5687515414810598 
36 0.18544456663192388 
39 -1.1989262929511864 
35 -0.97492047260855 
37 -0.4513583416683071 
38 -1.966654626507708 
41 -0.7779054383012871 
40 -0.97492047260855 
43 -1.9470992715446553 
44 -4.2742855870300565 
42 -1.259927116164239 
45 -0.8842600456351234 
46 -1.3687975782370267 
49 -4.2742855870300565 
48 -1.966654626507708 
47 -1.259927116164239 
50 -0.97492047260855 
54 -1.0014726975053465 
51 -1.3687975782370267 
52 -1.259927116164239 
53 -1.3620018051946117 
56 -1.6045408203476013 
59 -4.2742855870300565 
55 -1.2015287601933484 
58 -1.0348350816825533 
57 -0.6502402694848599 
61 -1.3687975782370267 
62 -1.1439941224568881 
60 -0.3335710730220751 
64 -1.0292265594484007 
67 -1.1916025409076507 
66 -1.6045408203476013 
69 -2.2356550265053134 
68 -1.9470992715446553 
65 0.8619937004154301 
71 -1.3687975782370267 
74 -4.2742855870300565 
70 -1.2125989122715217 
72 -1.259927116164239 
73 -1.1918616802596238 
76 -1.0475219584835704 
79 -4.2742855870300565 
77 -1.0539707132555023 
78 -2.6854837783304677 
75 -1.0960717046120445 
84 -1.0014726975053465 
81 -1.6045408203476013 
82 -0.8077225973551824 
83 -2.9911801618708598 
80 0.6814825217283629 
86 -1.3687975782370267 
87 -1.0554804439184173 
85 -1.2125989122715217 
88 -2.9911801618708598 
89 -2.0983604964929867 
90 -0.9277634872438043 
94 -4.2742855870300565 
91 -2.4428988565477483 
92 -1.259927116164239 
93 -1.0100749684672707 
96 -1.260338137064229 
95 -0.8439924324514736 
99 -4.2742855870300565 
98 -2.9911801618708598 
97 -1.259927116164239 
101 -2.4428988565477483 
103 -3.3395657054324577 
102 -1.259927116164239 
104 -1.841909856837614 
100 -1.1508529668451872 
109 -4.2742855870300565 
107 -1.259927116164239 
106 -0.6746406816794908 
108 -0.6518947346484505 
105 -1.2125057503523053 
110 -0.9277634872438043 
112 -0.8077225973551824 
111 -1.527791602540563 
113 -0.32768243143594744 
114 -0.9770400495936208 
117 -0.8077225973551824 
116 -1.3687975782370267 
119 -1.0014726975053465 
118 -0.9848911688832077 
115 -0.25817822945738 
121 -2.285033878841711 
124 -4.2742855870300565 
120 -1.2125989122715217 
122 0.298918528310403 
123 -1.2567776451074824 
126 -2.4428988565477483 
129 -4.2742855870300565 
127 -0.9661342316920937 
125 -1.2455506212067706 
128 -3.3395657054324577 
131 -2.4428988565477483 
132 -1.2794201216855656 
130 -1.2065184875784938 
133 -1.5434078199360126 
134 -0.9950329998097304 
136 -2.4428988565477483 
139 -0.005230775052395997 
137 -1.2794201216855656 
138 -1.840263536210539 
135 -1.2455506212067706 
141 -1.1566925935235675 
142 0.061142430553781546 
144 -4.177684609645876 
143 -3.7762918485288637 
140 -1.1082144373620184 
149 -4.2742855870300565 
147 -1.2794201216855656 
148 -3.7762918485288637 
146 -1.432013913993567 
145 -1.3294400756282072 
152 0.061142430553781546 
151 -2.296262322780609 
154 -0.6219222581099633 
153 -2.6809706001932065 
150 -1.3294400756282072 
155 -0.755499559079182 
157 -1.2794201216855656 
156 -1.5013468411773467 
158 -2.8217669512305323 
159 0.9461539493858687 
161 -2.4428988565477483 
160 -0.8439924324514736 
162 -1.2794201216855656 
163 -3.7762918485288637 
164 -1.8234949432034937 
167 -1.2181848802150328 
166 -2.4428988565477483 
168 -0.7492491202924703 
169 -4.2742855870300565 
165 -1.3294400756282072 
174 -4.2742855870300565 
172 -1.2794201216855656 
171 -0.9290631840705817 
170 -0.8440022000565959 
173 -0.7446811214502502 
176 -2.4428988565477483 
179 -2.0973723436616125 
177 -1.2794201216855656 
178 -2.5039404616962675 
175 -0.8252455265330426 
182 -1.2794201216855656 
181 -1.536522476709063 
180 -1.3294400756282072 
184 -4.2742855870300565 
183 -1.3691011255189816 
189 -4.2742855870300565 
186 -0.9422740510084099 
187 -1.2794201216855656 
185 -1.3294400756282072 
188 -1.4385005853927104 
192 0.061142430553781546 
191 -2.220365628146596 
194 -0.6338645260913967 
193 -1.2030297291405505 
190 -0.6195330800046989 
196 -1.5144440351906103 
198 -3.2258298602356668 
197 -1.7206861023482234 
195 -0.9079933380762922 
199 -0.9678764163927414 
201 -0.9422740510084099 
204 -4.2742855870300565 
202 -1.7206861023482234 
203 -1.3691011255189816 
200 -1.3294400756282072 
206 -1.3687975782370267 
209 -4.2742855870300565 
207 -1.7206861023482234 
208 -3.7762918485288637 
205 -1.0566866258669776 
211 -1.3687975782370267 
214 -0.16914969498838417 
213 -3.543305644629671 
210 -1.2314503442799078 
212 -1.2934602272523597 
216 -0.9422740510084099 
217 -1.0667141920673828 
218 -2.545316798061449 
219 -2.2605352881020835 
215 -1.3294400756282072 
221 -2.463679685620381 
224 -4.236912340154097 
220 -1.3294400756282072 
223 -0.9313869698905138 
222 -0.9345246736362952 
226 -2.3265343277359634 
225 -1.059969921108903 
228 -1.3691011255189816 
227 -1.810104284738109 
229 -0.9750587885131728 
231 -2.463679685620381 
234 0.04366205830198433 
230 -1.4978147733106026 
233 -0.866349097632547 
232 -1.810104284738109 
239 -4.2742855870300565 
235 -1.4752412998543913 
236 -0.5489521940576247 
238 -3.7762918485288637 
237 -1.7549874745772178 
241 -2.5276553024111608 
243 -3.1338351088324012 
244 -1.3660637321081952 
240 -1.2699309867211315 
242 -1.9322725291535319 
246 -2.2046243598488977 
247 -1.1711230542962858 
245 -0.8646096860532586 
249 -1.6951614466983211 
248 -0.5386170968954126 
252 -0.79534277509872 
251 -2.5276553024111608 
253 -0.866349097632547 
250 -0.9418973343435151 
254 2.0978725747173503 
256 -2.526625451400343 
255 -0.9077378146786985 
259 -4.2742855870300565 
257 -1.9322725291535319 
258 -1.4218672773899033 
261 -2.2455038061155888 
263 -1.095779448063051 
264 -4.2742855870300565 
260 -1.6789819504438734 
262 -1.8479729328510668 
265 -0.9847242371755547 
266 -3.498772777746045 
268 -4.734920639392877 
267 -1.7506080921165088 
269 -0.9520682547428428 
271 -2.0717049088710238 
270 -1.485460784266404 
274 -4.84497238476936 
273 0.1507134756667703 
272 -1.604484217245638 
275 -1.1188767946561229 
276 -1.3731266767580546 
278 -4.734920639392877 
279 -0.928553704714206 
277 -1.6487879355463928 
284 -1.4170091265498468 
281 -4.386260607690683 
282 -1.727598431767238 
283 -4.734920639392877 
280 -1.4216591249064878 
286 -4.386260607690683 
288 -1.095779448063051 
289 -1.4180277318616292 
285 -1.335238977500112 
287 -2.0926243045808706 
290 -1.2139284473254635 
294 -4.84497238476936 
291 -0.4700684707429642 
293 -1.7886538757583452 
292 -2.1648333358062577 
299 -4.84497238476936 
295 -0.920016931016764 
296 -0.853647375095771 
298 -4.734920639392877 
297 -2.1648333358062577 
304 -4.84497238476936 
300 -1.6789819504438734 
303 -5.283057289253329 
301 -0.6547346539844134 
302 -2.1648333358062577 
309 -4.84497238476936 
305 -1.5045068965832802 
306 -4.3335943268458585 
308 -2.256712303162095 
307 -1.9503463422651843 
310 -0.8448897255124781 
313 -4.480472510367059 
311 -3.000847583572347 
314 -4.84497238476936 
312 -1.9322725291535319 
315 0.14034994399993161 
319 -2.9967336385551575 
318 -5.283057289253329 
316 -0.8925612179124875 
317 -1.875152120496266 
324 -1.4170091265498468 
321 -4.219710786968216 
320 -0.6536800640319961 
323 -5.283057289253329 
322 -1.9408519324911961 
326 -1.7849760504606467 
329 -4.882684380972388 
325 -1.6789819504438734 
328 -4.9808292476472475 
327 -2.3138797343569775 
331 -1.2690446472059265 
330 -1.7217700789158281 
334 -4.882684380972388 
333 -1.3691011255189816 
332 -2.3134370516343594 
336 -1.2690446472059265 
339 -4.882684380972388 
338 -5.283057289253329 
335 -0.446846324160151 
337 -1.2462070480334404 
341 -1.0405940984676376 
344 -0.928553704714206 
340 -2.0196383976016143 
343 -1.031025858196051 
342 -1.3724775474518651 
349 -4.882684380972388 
346 -4.393092732073502 
345 -2.0196383976016143 
347 -2.3138797343569775 
348 -1.2919862121580592 
354 -1.6497114274956683 
351 -3.4069751420241308 
353 -5.283057289253329 
350 -0.7722804325253377 
352 -2.39485465492305 
358 -1.095779448063051 
359 -2.418621881236203 
356 -4.393092732073502 
355 0.20344537576644625 
357 -0.6552689686626046 
364 -4.882684380972388 
361 -3.4371842878089858 
363 -5.283057289253329 
362 -0.9309680226572812 
360 0.1615325891041225 
365 -0.5705250460997454 
367 -0.8247320811662462 
368 -4.774309574704702 
366 -0.5455369611223537 
369 2.240028572015178 
374 -0.010038564654785809 
372 -2.40471027245355 
371 0.7088831934407448 
370 -2.1086885801316853 
373 -5.283057289253329 
375 -2.162030514505269 
376 0.7206162522316483 
377 -1.829563627486567 
379 -0.4980832929028386 
378 -0.9547284238062184 
382 -2.40471027245355 
381 -0.6585629823758294 
384 -1.009413019289184 
380 -2.1090542146782303 
383 -0.6877002907858365 
386 -4.393092732073502 
385 -0.17940949195313594 
387 -2.40471027245355 
389 -4.882684380972388 
388 -1.1398174534712222 
392 -2.40471027245355 
391 -4.393092732073502 
394 -4.882684380972388 
393 -5.283057289253329 
390 -1.1677002630735678 
397 -2.7045644235560045 
399 -4.882684380972388 
398 -2.241585926837187 
396 0.21273408166868424 
395 -1.7654581084633811 
402 -2.7045644235560045 
401 -1.7849760504606467 
404 -5.099099024959116 
403 -1.3691011255189816 
400 -0.8315454522915201 
406 -1.2690446472059265 
407 -2.7045644235560045 
409 -1.4170091265498468 
405 -2.509941211382692 
408 -2.096478975823587 
411 -0.6585629823758294 
410 -1.4240302021063829 
412 -2.278604963819775 
413 -4.961187694805639 
414 -0.8666446785314906 
417 -2.7045644235560045 
419 -0.928553704714206 
418 -0.624328217315928 
415 -2.225365509323876 
416 -1.0876129823275609 
424 -5.099099024959116 
422 -1.0078307284254044 
421 -0.9810145160172175 
423 -0.8747485350870512 
420 -1.2997409940791451 
425 -0.23798214252910782 
426 -2.969378354447474 
427 -1.0788662103722195 
429 -4.945331452380962 
428 -5.0857496266085755 
432 -2.271483217813371 
434 -2.5730362982667563 
431 -1.2690446472059265 
433 -1.095779448063051 
430 -2.509941211382692 
436 -0.6585629823758294 
437 -2.33889395392439 
438 -4.323163659848847 
435 -2.3789963806225773 
439 -0.9737325569571585 
442 -1.4600831319759244 
444 -1.305538134574328 
443 -5.283057289253329 
440 -2.509941211382692 
441 -1.376809439562863 
447 -1.4459726722353898 
445 -1.9223453978120728 
449 -1.6622198145482372 
446 0.05572827506247269 
448 -0.9829170565195269 
452 -2.7045644235560045 
454 -5.099099024959116 
453 -4.616778177200054 
451 -4.393092732073502 
450 -2.0659270191058434 
456 -1.7849760504606467 
457 -2.036823433955759 
455 -1.0589576387301203 
459 -0.41482274071810304 
458 -1.0195923444248975 
462 -0.5406913449208459 
464 -5.099099024959116 
463 -4.83587241930116 
460 -2.509941211382692 
461 -0.5944965787552386 
467 -2.7045644235560045 
465 -1.160983901862775 
466 -4.5088617397104755 
469 -1.9054043889367092 
468 -1.1519187643109536 
472 -2.5323522826797813 
473 -5.283057289253329 
474 -2.461778498523481 
471 -4.5088617397104755 
470 -2.509941211382692 
477 -2.7045644235560045 
479 -0.6057370432272526 
476 -4.5088617397104755 
478 -4.960247610578043 
475 -2.509941211382692 
482 -2.7045644235560045 
483 -1.095779448063051 
484 -0.44614466486860405 
480 -0.9314258339820543 
481 -0.7143843098488138 
487 -2.7045644235560045 
489 -5.099099024959116 
485 -0.06901804171402193 
488 -5.283057289253329 
486 -1.0755435190532376 
492 -2.7045644235560045 
491 -3.4978991119151646 
494 -4.988824493427951 
490 -0.8493540696448335 
493 -0.854099032596805 
497 -2.7045644235560045 
499 -3.190707457859888 
495 -2.293868175487146 
498 -1.6841365722474817 
496 -1.4251228064913097 
501 -0.6121826600649343 
502 -2.7045644235560045 
503 -1.3691011255189816 
500 -0.06901804171402193 
504 -5.099099024959116 
303 -5.283057289253329 
